---
maxVel: 30.0
maxAccel: 40.0
maxAngVel: 3.141592653589793
maxAngAccel: 3.141592653589793
robotLength: 17.25
robotWidth: 12.5
driveType: "MECANUM"
trackWidth: 18.0
lateralMultiplier: 1.0
