---
startPose:
  x: 13.0
  y: 62.0
  heading: 1.5707963267948966
startTangent: 0.17453292519943295
waypoints:
- position:
    x: 13.0
    y: 0.0
  heading: 0.0
  tangent: 0.8726646259971648
  interpolationType: "TANGENT"
resolution: 0.25
version: 1
